proc0 4 10 1 2 10
proc1 5 1 5 11 20
proc2 -6 0 6 0 30
proc3 1 3 7 31 40
proc4 -3 9 8 0 50
proc5 8 -3 10 51 60
proc6 2 6 11 61 70
proc7 6 -2 12 71 80
proc8 -8 5 13 0 90
proc9 10 -1 19 91 0
proc10 1 10 21 101 110
proc11 -6 -5 22 0 120
proc12 4 -3 23 121 130
proc13 -8 1 27 0 140
proc14 9 8 28 141 150
proc15 7 6 29 151 160
proc16 -5 8 30 0 170
proc17 -1 1 32 0 180
proc18 -8 0 33 0 190
proc19 -3 4 34 0 200
proc20 8 2 35 201 210
proc21 10 6 36 211 0
proc22 -8 7 40 0 230
proc23 -8 -1 41 0 240
proc24 2 9 43 241 250
proc25 10 -3 46 251 0
proc26 -5 5 49 0 270
proc27 1 5 51 271 280
proc28 -6 7 53 0 290
proc29 -4 -2 55 0 300
proc30 -7 0 56 0 310
proc31 2 -4 57 311 320
proc32 6 9 59 321 330
proc33 4 1 60 331 340
proc34 3 1 63 341 350
proc35 10 1 64 351 0
proc36 2 3 65 361 370
proc37 -3 2 67 0 380
proc38 0 1 70 0 390
proc39 -2 -7 71 0 400
proc40 -7 6 72 0 410
proc41 0 -2 73 0 420
proc42 -6 3 74 0 430
proc43 1 2 75 431 440
proc44 -7 1 76 0 450
proc45 -6 9 78 0 460
proc46 5 -2 82 461 470
proc47 4 -8 84 471 480
proc48 -6 -4 88 0 490
proc49 -8 -2 89 0 500
proc50 -5 -1 90 0 510
proc51 4 5 91 511 520
proc52 2 7 92 521 530
proc53 10 9 93 531 0
proc54 3 -2 94 541 550
proc55 -1 3 96 0 560
proc56 -2 -1 97 0 570
proc57 1 1 99 571 580
proc58 7 3 100 581 590
proc59 -6 -8 103 0 600
proc60 4 9 106 601 610
proc61 7 -5 107 611 620
proc62 9 -2 108 621 630
proc63 6 -8 110 631 640
proc64 8 -5 112 641 650
proc65 4 0 115 651 660
proc66 4 7 117 661 670
proc67 -8 10 120 0 680
proc68 10 -5 123 681 0
proc69 5 10 125 691 700
proc70 6 8 126 701 710
proc71 7 2 128 711 720
proc72 -7 7 132 0 730
proc73 -5 6 134 0 740
proc74 5 -8 136 741 750
proc75 -2 1 137 0 760
proc76 -7 -2 138 0 770
proc77 -4 4 139 0 780
proc78 10 -4 140 781 0
proc79 1 6 141 791 800
proc80 -3 5 142 0 810
proc81 -5 0 147 0 820
proc82 4 3 149 821 830
proc83 9 4 150 831 840
proc84 5 8 151 841 850
proc85 5 10 152 851 860
proc86 -4 2 153 0 870
proc87 -6 -1 155 0 880
proc88 7 -2 158 881 890
proc89 -6 3 160 0 900
proc90 -8 5 161 0 910
proc91 1 1 162 911 920
proc92 1 4 165 921 930
proc93 -6 -2 166 0 940
proc94 8 2 167 941 950
proc95 7 -4 168 951 960
proc96 10 -2 170 961 0
proc97 0 -8 172 0 980
proc98 1 5 174 981 990
proc99 6 -4 175 991 1000
proc100 -3 6 176 0 1010
proc101 -5 9 177 0 1020
proc102 5 0 179 1021 1030
proc103 10 -6 181 1031 0
proc104 3 1 184 1041 1050
proc105 -8 4 185 0 1060
proc106 -2 1 186 0 1070
proc107 -1 -5 187 0 1080
proc108 -5 10 189 0 1090
proc109 -6 2 190 0 1100
proc110 -3 -7 191 0 1110
proc111 10 -3 194 1111 0
proc112 -1 -4 195 0 1130
proc113 3 -3 200 1131 1140
proc114 -6 0 201 0 1150
proc115 0 -6 202 0 1160
proc116 1 -4 204 1161 1170
proc117 2 4 205 1171 1180
proc118 8 3 207 1181 1190
proc119 -4 -8 208 0 1200
proc120 -1 6 210 0 1210
proc121 2 -5 212 1211 1220
proc122 5 -2 215 1221 1230
proc123 -3 4 217 0 1240
proc124 -7 -4 218 0 1250
proc125 1 3 221 1251 1260
proc126 -7 9 222 0 1270
proc127 -1 6 223 0 1280
proc128 4 0 227 1281 1290
proc129 3 -7 228 1291 1300
proc130 4 -1 229 1301 1310
proc131 1 -2 232 1311 1320
proc132 2 5 235 1321 1330
proc133 -2 5 237 0 1340
proc134 5 10 239 1341 1350
proc135 10 -4 240 1351 0
proc136 -8 -4 243 0 1370
proc137 1 1 245 1371 1380
proc138 -2 -7 248 0 1390
proc139 -5 5 249 0 1400
proc140 0 -6 251 0 1410
proc141 -1 -5 252 0 1420
proc142 -3 -6 253 0 1430
proc143 2 -8 254 1431 1440
proc144 2 -6 255 1441 1450
proc145 8 -8 256 1451 1460
proc146 -5 1 258 0 1470
proc147 -5 10 259 0 1480
proc148 -4 1 261 0 1490
proc149 6 -4 262 1491 1500
proc150 -6 -5 263 0 1510
proc151 9 5 268 1511 1520
proc152 1 -1 269 1521 1530
proc153 4 9 270 1531 1540
proc154 4 -5 272 1541 1550
proc155 2 0 273 1551 1560
proc156 -2 6 274 0 1570
proc157 0 -4 275 0 1580
proc158 -3 0 276 0 1590
proc159 -3 6 277 0 1600
proc160 -5 1 278 0 1610
proc161 -6 9 280 0 1620
proc162 0 -3 281 0 1630
proc163 -6 -2 283 0 1640
proc164 2 -8 284 1641 1650
proc165 7 2 288 1651 1660
proc166 5 2 290 1661 1670
proc167 10 5 293 1671 0
proc168 0 6 299 0 1690
proc169 4 4 303 1691 1700
proc170 -3 10 305 0 1710
proc171 0 7 306 0 1720
proc172 10 8 307 1721 0
proc173 9 2 308 1731 1740
proc174 7 4 309 1741 1750
proc175 7 -1 310 1751 1760
proc176 1 4 311 1761 1770
proc177 6 -3 312 1771 1780
proc178 -3 -8 314 0 1790
proc179 -6 -4 315 0 1800
proc180 7 -8 317 1801 1810
proc181 4 -5 321 1811 1820
proc182 2 -7 322 1821 1830
proc183 -5 5 323 0 1840
proc184 0 7 324 0 1850
proc185 0 10 325 0 1860
proc186 7 0 326 1861 1870
proc187 2 -6 327 1871 1880
proc188 2 -6 328 1881 1890
proc189 7 -5 330 1891 1900
proc190 5 -5 331 1901 1910
proc191 3 4 332 1911 1920
proc192 0 9 333 0 1930
proc193 4 1 335 1931 1940
proc194 1 6 336 1941 1950
proc195 9 -8 337 1951 1960
proc196 4 6 340 1961 1970
proc197 5 -6 342 1971 1980
proc198 -7 10 343 0 1990
proc199 5 4 344 1991 2000
proc200 -8 9 345 0 2010
proc201 2 7 347 2011 2020
proc202 2 10 348 2021 2030
proc203 2 -5 349 2031 2040
proc204 5 -5 350 2041 2050
proc205 5 0 351 2051 2060
proc206 -6 4 352 0 2070
proc207 5 1 353 2071 2080
proc208 1 0 355 2081 2090
proc209 5 5 356 2091 2100
proc210 3 4 357 2101 2110
proc211 7 9 358 2111 2120
proc212 -8 -4 359 0 2130
proc213 -4 2 360 0 2140
proc214 8 0 361 2141 2150
proc215 -2 -1 362 0 2160
proc216 6 -7 371 2161 2170
proc217 -4 -5 372 0 2180
proc218 3 10 375 2181 2190
proc219 4 4 376 2191 2200
proc220 -7 -7 378 0 2210
proc221 -2 7 381 0 2220
proc222 -2 6 383 0 2230
proc223 -1 8 384 0 2240
proc224 4 6 386 2241 2250
proc225 -2 1 388 0 2260
proc226 1 5 391 2261 2270
proc227 1 -1 392 2271 2280
proc228 -4 8 394 0 2290
proc229 1 1 395 2291 2300
proc230 10 1 396 2301 0
proc231 -3 3 397 0 2320
proc232 7 3 399 2321 2330
proc233 -8 3 402 0 2340
proc234 -1 1 404 0 2350
proc235 9 7 407 2351 2360
proc236 10 -8 410 2361 0
proc237 10 7 411 2371 0
proc238 1 2 412 2381 2390
proc239 4 -4 413 2391 2400
proc240 -2 -4 415 0 2410
proc241 6 1 416 2411 2420
proc242 -8 6 417 0 2430
proc243 9 10 418 2431 2440
proc244 1 7 420 2441 2450
proc245 3 0 421 2451 2460
proc246 3 -3 423 2461 2470
proc247 4 -6 424 2471 2480
proc248 -1 6 425 0 2490
proc249 9 -6 428 2491 2500
proc250 2 3 430 2501 2510
proc251 10 -5 431 2511 0
proc252 -1 -6 432 0 2530
proc253 6 -2 433 2531 2540
proc254 0 -1 435 0 2550
proc255 10 -5 436 2551 0
proc256 -6 5 437 0 2570
proc257 -2 -6 438 0 2580
proc258 2 5 441 2581 2590
proc259 -2 9 443 0 2600
proc260 7 -1 444 2601 2610
proc261 -5 -2 446 0 2620
proc262 -7 7 447 0 2630
proc263 -4 3 448 0 2640
proc264 8 5 449 2641 2650
proc265 -3 1 451 0 2660
proc266 -8 3 456 0 2670
proc267 -3 8 458 0 2680
proc268 2 10 459 2681 2690
proc269 9 8 460 2691 2700
proc270 0 -2 461 0 2710
proc271 5 8 463 2711 2720
proc272 -5 10 464 0 2730
proc273 0 1 465 0 2740
proc274 2 8 466 2741 2750
proc275 -4 4 467 0 2760
proc276 5 -1 469 2761 2770
proc277 0 -1 471 0 2780
proc278 -4 -7 476 0 2790
proc279 -4 -4 478 0 2800
proc280 6 7 480 2801 2810
proc281 -5 -3 481 0 2820
proc282 7 -8 482 2821 2830
proc283 -6 7 484 0 2840
proc284 2 5 485 2841 2850
proc285 5 -6 486 2851 2860
proc286 -5 10 487 0 2870
proc287 4 2 488 2871 2880
proc288 9 1 489 2881 2890
proc289 -3 0 490 0 2900
proc290 4 7 492 2901 2910
proc291 -4 -7 493 0 2920
proc292 9 8 497 2921 2930
proc293 6 -7 502 2931 2940
proc294 7 -1 504 2941 2950
proc295 8 -4 506 2951 2960
proc296 4 7 507 2961 2970
proc297 10 3 508 2971 0
proc298 1 -8 509 2981 2990
proc299 -6 -4 510 0 3000
proc300 -2 3 511 0 3010
proc301 -4 3 512 0 3020
proc302 -1 8 514 0 3030
proc303 7 5 515 3031 3040
proc304 8 -2 516 3041 3050
proc305 -7 10 517 0 3060
proc306 4 1 518 3061 3070
proc307 7 -4 519 3071 3080
proc308 3 -6 520 3081 3090
proc309 -6 2 521 0 3100
proc310 2 -8 523 3101 3110
proc311 -8 1 527 0 3120
proc312 3 -7 530 3121 3130
proc313 -6 7 531 0 3140
proc314 -8 10 533 0 3150
proc315 -4 -8 534 0 3160
proc316 -8 -6 538 0 3170
proc317 -6 9 539 0 3180
proc318 -6 -5 540 0 3190
proc319 -5 -2 541 0 3200
proc320 -5 6 542 0 3210
proc321 -3 1 545 0 3220
proc322 1 0 546 3221 3230
proc323 -1 1 547 0 3240
proc324 -5 8 548 0 3250
proc325 4 -6 551 3251 3260
proc326 -3 7 552 0 3270
proc327 -8 4 553 0 3280
proc328 -8 -3 556 0 3290
proc329 1 -4 557 3291 3300
proc330 2 1 558 3301 3310
proc331 9 1 559 3311 3320
proc332 -5 -5 561 0 3330
proc333 -8 1 563 0 3340
proc334 -1 1 564 0 3350
proc335 -5 -5 565 0 3360
proc336 8 -6 567 3361 3370
proc337 -2 0 570 0 3380
proc338 -8 6 571 0 3390
proc339 -8 -8 574 0 3400
proc340 6 6 575 3401 3410
proc341 10 7 577 3411 0
proc342 5 -1 578 3421 3430
proc343 10 -4 580 3431 0
proc344 7 4 581 3441 3450
proc345 10 -7 582 3451 0
proc346 -1 1 583 0 3470
proc347 3 -7 584 3471 3480
proc348 9 0 585 3481 3490
proc349 1 3 586 3491 3500
proc350 -3 2 588 0 3510
proc351 -5 -1 590 0 3520
proc352 -4 5 596 0 3530
proc353 -5 2 598 0 3540
proc354 -1 6 600 0 3550
proc355 1 7 602 3551 3560
proc356 -1 10 604 0 3570
proc357 -7 -5 605 0 3580
proc358 -6 -4 607 0 3590
proc359 0 -6 608 0 3600
proc360 6 5 610 3601 3610
proc361 -4 1 612 0 3620
proc362 1 10 614 3621 3630
proc363 2 4 615 3631 3640
proc364 -8 3 616 0 3650
proc365 -5 1 617 0 3660
proc366 7 1 618 3661 3670
proc367 8 -5 622 3671 3680
proc368 9 5 623 3681 3690
proc369 -2 7 624 0 3700
proc370 -5 -6 628 0 3710
proc371 2 -5 629 3711 3720
proc372 -4 -7 630 0 3730
proc373 5 1 631 3731 3740
proc374 8 1 634 3741 3750
proc375 -5 1 635 0 3760
proc376 4 -8 636 3761 3770
proc377 -4 7 638 0 3780
proc378 4 0 640 3781 3790
proc379 -1 9 641 0 3800
proc380 -3 10 645 0 3810
proc381 0 5 646 0 3820
proc382 -1 10 649 0 3830
proc383 6 9 650 3831 3840
proc384 -8 -4 651 0 3850
proc385 5 -2 652 3851 3860
proc386 1 3 653 3861 3870
proc387 -4 1 656 0 3880
proc388 5 -2 657 3881 3890
proc389 5 -2 658 3891 3900
proc390 6 6 659 3901 3910
proc391 -8 3 660 0 3920
proc392 -8 -4 661 0 3930
proc393 -2 8 662 0 3940
proc394 -7 5 663 0 3950
proc395 -3 7 664 0 3960
proc396 5 -7 665 3961 3970
proc397 6 6 666 3971 3980
proc398 -2 -7 668 0 3990
proc399 -1 3 669 0 4000
proc400 3 -2 673 4001 4010
proc401 8 10 674 4011 4020
proc402 -4 -4 675 0 4030
proc403 1 1 677 4031 4040
proc404 -6 4 678 0 4050
proc405 -7 -5 681 0 4060
proc406 -3 -7 684 0 4070
proc407 2 2 685 4071 4080
proc408 4 5 686 4081 4090
proc409 7 9 687 4091 4100
proc410 4 -4 688 4101 4110
proc411 -3 0 689 0 4120
proc412 1 1 691 4121 4130
proc413 9 4 692 4131 4140
proc414 -3 8 693 0 4150
proc415 8 3 694 4151 4160
proc416 10 1 695 4161 0
proc417 -3 8 696 0 4180
proc418 8 10 699 4181 4190
proc419 -4 9 700 0 4200
proc420 10 -4 701 4201 0
proc421 -8 -3 703 0 4220
proc422 8 -6 708 4221 4230
proc423 4 -1 709 4231 4240
proc424 7 5 710 4241 4250
proc425 10 3 712 4251 0
proc426 -6 10 713 0 4270
proc427 5 -3 716 4271 4280
proc428 -6 10 717 0 4290
proc429 1 3 718 4291 4300
proc430 -7 2 719 0 4310
proc431 9 10 720 4311 4320
proc432 6 2 721 4321 4330
proc433 4 -6 723 4331 4340
proc434 -2 1 724 0 4350
proc435 1 3 727 4351 4360
proc436 -8 9 728 0 4370
proc437 -2 -7 730 0 4380
proc438 -4 -2 731 0 4390
proc439 1 10 732 4391 4400
proc440 7 -4 733 4401 4410
proc441 -4 7 734 0 4420
proc442 9 7 738 4421 4430
proc443 0 4 740 0 4440
proc444 4 3 743 4441 4450
proc445 -6 8 745 0 4460
proc446 4 -1 746 4461 4470
proc447 -7 1 747 0 4480
proc448 3 -6 748 4481 4490
proc449 9 7 751 4491 4500
proc450 5 10 752 4501 4510
proc451 8 2 753 4511 4520
proc452 8 3 754 4521 4530
proc453 1 10 755 4531 4540
proc454 1 7 756 4541 4550
proc455 -5 -2 758 0 4560
proc456 -8 1 759 0 4570
proc457 0 -3 761 0 4580
proc458 1 -1 762 4581 4590
proc459 3 4 763 4591 4600
proc460 6 -3 764 4601 4610
proc461 0 -6 767 0 4620
proc462 -6 10 768 0 4630
proc463 6 -6 769 4631 4640
proc464 9 -5 772 4641 4650
proc465 9 -4 773 4651 4660
proc466 -8 10 775 0 4670
proc467 7 -8 776 4671 4680
proc468 5 -7 777 4681 4690
proc469 -4 4 780 0 4700
proc470 -1 -7 782 0 4710
proc471 -8 -3 783 0 4720
proc472 -7 -2 785 0 4730
proc473 6 0 787 4731 4740
proc474 2 -2 788 4741 4750
proc475 8 0 789 4751 4760
proc476 -2 -4 790 0 4770
proc477 -1 -3 791 0 4780
proc478 -1 5 793 0 4790
proc479 3 -7 794 4791 4800
proc480 1 6 795 4801 4810
proc481 6 -3 797 4811 4820
proc482 10 0 799 4821 0
proc483 6 7 800 4831 4840
proc484 10 -6 801 4841 0
proc485 -3 2 802 0 4860
proc486 -1 -5 806 0 4870
proc487 9 -3 807 4871 4880
proc488 6 6 808 4881 4890
proc489 10 8 811 4891 0
proc490 -1 6 814 0 4910
proc491 4 -7 817 4911 4920
proc492 1 2 818 4921 4930
proc493 1 10 821 4931 4940
proc494 2 -7 824 4941 4950
proc495 1 0 826 4951 4960
proc496 7 3 827 4961 4970
proc497 4 10 828 4971 4980
proc498 4 -8 829 4981 4990
proc499 1 -2 830 4991 5000
proc500 0 6 831 0 5010
proc501 -1 -3 833 0 5020
proc502 7 -5 834 5021 5030
proc503 1 1 835 5031 5040
proc504 -3 9 837 0 5050
proc505 -6 6 839 0 5060
proc506 -6 -7 840 0 5070
proc507 2 6 841 5071 5080
proc508 -7 8 842 0 5090
proc509 -7 1 844 0 5100
proc510 5 -6 847 5101 5110
proc511 -4 -2 850 0 5120
proc512 6 -5 856 5121 5130
proc513 -1 5 858 0 5140
proc514 1 -8 859 5141 5150
proc515 7 -7 861 5151 5160
proc516 -1 10 862 0 5170
proc517 -7 0 863 0 5180
proc518 -3 6 864 0 5190
proc519 -8 8 865 0 5200
proc520 5 10 866 5201 5210
proc521 5 -5 868 5211 5220
proc522 5 8 871 5221 5230
proc523 0 -8 873 0 5240
proc524 5 9 877 5241 5250
proc525 8 -2 878 5251 5260
proc526 -4 -2 879 0 5270
proc527 0 -5 885 0 5280
proc528 -4 1 887 0 5290
proc529 6 3 888 5291 5300
proc530 7 6 890 5301 5310
proc531 3 0 891 5311 5320
proc532 -8 7 892 0 5330
proc533 -8 -6 895 0 5340
proc534 -1 -7 896 0 5350
proc535 -3 1 897 0 5360
proc536 -2 4 898 0 5370
proc537 1 10 900 5371 5380
proc538 1 6 901 5381 5390
proc539 10 2 902 5391 0
proc540 -1 9 906 0 5410
proc541 10 6 907 5411 0
proc542 5 9 910 5421 5430
proc543 3 -1 911 5431 5440
proc544 8 7 913 5441 5450
proc545 -7 1 914 0 5460
proc546 1 -2 915 5461 5470
proc547 7 2 917 5471 5480
proc548 1 1 919 5481 5490
proc549 -5 -8 921 0 5500
proc550 8 9 922 5501 5510
proc551 -1 -4 924 0 5520
proc552 2 -8 925 5521 5530
proc553 -8 7 927 0 5540
proc554 3 -5 928 5541 5550
proc555 4 9 929 5551 5560
proc556 -8 9 930 0 5570
proc557 5 8 933 5571 5580
proc558 -2 -1 935 0 5590
proc559 -8 -2 937 0 5600
proc560 9 -6 941 5601 5610
proc561 1 2 942 5611 5620
proc562 -6 9 943 0 5630
proc563 3 4 944 5631 5640
proc564 9 2 946 5641 5650
proc565 10 4 947 5651 0
proc566 2 7 948 5661 5670
proc567 -5 0 949 0 5680
proc568 9 1 950 5681 5690
proc569 5 -8 951 5691 5700
proc570 8 -6 952 5701 5710
proc571 7 9 954 5711 5720
proc572 9 5 955 5721 5730
proc573 3 -6 957 5731 5740
proc574 -7 6 959 0 5750
proc575 -2 1 960 0 5760
proc576 5 4 962 5761 5770
proc577 9 -4 963 5771 5780
proc578 -2 -7 965 0 5790
proc579 8 1 966 5791 5800
proc580 8 -6 967 5801 5810
proc581 9 -8 968 5811 5820
proc582 -5 -4 970 0 5830
proc583 8 -2 971 5831 5840
proc584 3 2 972 5841 5850
proc585 6 6 973 5851 5860
proc586 1 10 976 5861 5870
proc587 -8 8 977 0 5880
proc588 -7 1 978 0 5890
proc589 6 10 980 5891 5900
proc590 4 10 981 5901 5910
proc591 -3 9 982 0 5920
proc592 8 5 985 5921 5930
proc593 0 -5 987 0 5940
proc594 2 2 990 5941 5950
proc595 8 7 995 5951 5960
proc596 5 -7 996 5961 5970
proc597 -1 6 999 0 5980
proc598 -6 6 1000 0 5990
proc599 9 4 1001 5991 6000
proc600 -2 -4 1002 0 6010
proc601 10 -7 1003 6011 0
proc602 2 10 1005 6021 6030
proc603 1 -1 1006 6031 6040
proc604 10 -1 1007 6041 0
proc605 1 -2 1009 6051 6060
proc606 5 4 1015 6061 6070
proc607 -2 -2 1017 0 6080
proc608 0 4 1018 0 6090
proc609 1 1 1025 6091 6100
proc610 6 8 1027 6101 6110
proc611 -8 6 1028 0 6120
proc612 2 -3 1032 6121 6130
proc613 0 -1 1035 0 6140
proc614 0 1 1036 0 6150
proc615 6 6 1039 6151 6160
proc616 0 -8 1042 0 6170
proc617 -6 -3 1043 0 6180
proc618 4 8 1044 6181 6190
proc619 8 -4 1045 6191 6200
proc620 -7 -2 1046 0 6210
proc621 0 8 1047 0 6220
proc622 1 1 1048 6221 6230
proc623 1 8 1049 6231 6240
proc624 1 3 1055 6241 6250
proc625 -7 1 1056 0 6260
proc626 0 10 1058 0 6270
proc627 -6 7 1059 0 6280
proc628 -4 0 1062 0 6290
proc629 -6 -8 1064 0 6300
proc630 0 1 1066 0 6310
proc631 -1 -1 1067 0 6320
proc632 1 -4 1068 6321 6330
proc633 -1 -2 1070 0 6340
proc634 -1 -4 1073 0 6350
proc635 10 -8 1074 6351 0
proc636 10 3 1075 6361 0
proc637 2 10 1076 6371 6380
proc638 -8 -4 1077 0 6390
proc639 -8 10 1078 0 6400
proc640 -1 8 1079 0 6410
proc641 -7 5 1080 0 6420
proc642 4 -8 1084 6421 6430
proc643 7 -8 1086 6431 6440
proc644 -6 -7 1087 0 6450
proc645 1 3 1089 6451 6460
proc646 -2 -8 1090 0 6470
proc647 7 2 1092 6471 6480
proc648 -7 8 1094 0 6490
proc649 -7 3 1096 0 6500
proc650 5 1 1097 6501 6510
proc651 1 1 1101 6511 6520
proc652 5 8 1102 6521 6530
proc653 -6 7 1105 0 6540
proc654 -5 -4 1106 0 6550
proc655 0 -8 1107 0 6560
proc656 5 9 1114 6561 6570
proc657 -3 7 1115 0 6580
proc658 4 -4 1117 6581 6590
proc659 1 -6 1121 6591 6600
proc660 -1 -6 1122 0 6610
proc661 -8 -3 1123 0 6620
proc662 1 7 1124 6621 6630
proc663 -6 -4 1126 0 6640
proc664 -6 2 1128 0 6650
proc665 -4 -7 1131 0 6660
proc666 1 9 1133 6661 6670
proc667 8 -6 1134 6671 6680
proc668 -5 -7 1135 0 6690
proc669 -3 5 1137 0 6700
proc670 3 -6 1138 6701 6710
proc671 9 7 1139 6711 6720
proc672 9 1 1140 6721 6730
proc673 -5 -3 1147 0 6740
proc674 0 7 1148 0 6750
proc675 -1 -2 1153 0 6760
proc676 9 -6 1155 6761 6770
proc677 -4 -6 1157 0 6780
proc678 -5 7 1158 0 6790
proc679 0 -1 1159 0 6800
proc680 -6 -4 1160 0 6810
proc681 5 7 1161 6811 6820
proc682 1 -4 1162 6821 6830
proc683 -4 10 1163 0 6840
proc684 4 -3 1164 6841 6850
proc685 1 7 1166 6851 6860
proc686 -2 -2 1169 0 6870
proc687 -3 1 1170 0 6880
proc688 9 9 1171 6881 6890
proc689 7 5 1175 6891 6900
proc690 8 8 1176 6901 6910
proc691 -2 6 1177 0 6920
proc692 -7 5 1178 0 6930
proc693 -6 -3 1179 0 6940
proc694 1 -4 1180 6941 6950
proc695 0 -2 1181 0 6960
proc696 -5 -8 1184 0 6970
proc697 -1 -4 1185 0 6980
proc698 -5 1 1186 0 6990
proc699 5 8 1188 6991 7000
proc700 2 8 1190 7001 7010
proc701 2 -2 1191 7011 7020
proc702 9 0 1194 7021 7030
proc703 1 -3 1195 7031 7040
proc704 -7 -4 1196 0 7050
proc705 5 9 1197 7051 7060
proc706 -7 9 1198 0 7070
proc707 8 2 1202 7071 7080
proc708 -1 -2 1205 0 7090
proc709 -6 -5 1208 0 7100
proc710 0 -6 1209 0 7110
proc711 1 9 1210 7111 7120
proc712 -2 9 1213 0 7130
proc713 5 0 1216 7131 7140
proc714 9 5 1217 7141 7150
proc715 5 5 1218 7151 7160
proc716 7 -3 1219 7161 7170
proc717 -4 -3 1220 0 7180
proc718 8 -6 1222 7181 7190
proc719 4 7 1223 7191 7200
proc720 1 -4 1225 7201 7210
proc721 -1 3 1226 0 7220
proc722 4 -4 1227 7221 7230
proc723 -1 -4 1228 0 7240
proc724 5 0 1230 7241 7250
proc725 -8 6 1231 0 7260
proc726 6 -5 1232 7261 7270
proc727 1 -5 1233 7271 7280
proc728 3 -8 1236 7281 7290
proc729 -4 -3 1238 0 7300
proc730 2 10 1239 7301 7310
proc731 10 -4 1240 7311 0
proc732 0 9 1243 0 7330
proc733 1 4 1244 7331 7340
proc734 2 7 1246 7341 7350
proc735 6 4 1248 7351 7360
proc736 7 8 1249 7361 7370
proc737 2 6 1252 7371 7380
proc738 -2 -5 1255 0 7390
proc739 -2 3 1258 0 7400
proc740 3 1 1259 7401 7410
proc741 -2 -7 1261 0 7420
proc742 1 -8 1264 7421 7430
proc743 -3 4 1265 0 7440
proc744 -6 -8 1267 0 7450
proc745 2 1 1271 7451 7460
proc746 -5 -5 1272 0 7470
proc747 8 -5 1274 7471 7480
proc748 -5 0 1275 0 7490
proc749 4 7 1277 7491 7500
proc750 6 1 1278 7501 7510
proc751 1 -8 1282 7511 7520
proc752 8 -8 1283 7521 7530
proc753 7 10 1284 7531 7540
proc754 9 -5 1285 7541 7550
proc755 8 -7 1286 7551 7560
proc756 7 -6 1289 7561 7570
proc757 6 5 1290 7571 7580
proc758 -7 -3 1292 0 7590
proc759 7 -8 1293 7591 7600
proc760 5 -4 1294 7601 7610
proc761 6 -6 1296 7611 7620
proc762 5 0 1298 7621 7630
proc763 4 4 1300 7631 7640
proc764 8 8 1301 7641 7650
proc765 -7 -2 1302 0 7660
proc766 -3 -5 1304 0 7670
proc767 2 3 1305 7671 7680
proc768 -6 -1 1307 0 7690
proc769 10 -4 1308 7691 0
proc770 -1 7 1309 0 7710
proc771 4 6 1310 7711 7720
proc772 -7 -3 1311 0 7730
proc773 7 2 1313 7731 7740
proc774 -6 8 1315 0 7750
proc775 -3 4 1318 0 7760
proc776 1 -8 1319 7761 7770
proc777 0 -4 1320 0 7780
proc778 10 6 1322 7781 0
proc779 8 2 1326 7791 7800
proc780 -7 -6 1328 0 7810
proc781 -5 -5 1329 0 7820
proc782 -2 4 1330 0 7830
proc783 4 -5 1331 7831 7840
proc784 1 6 1332 7841 7850
proc785 -2 10 1334 0 7860
proc786 7 1 1335 7861 7870
proc787 1 10 1336 7871 7880
proc788 3 6 1337 7881 7890
proc789 3 -8 1338 7891 7900
proc790 9 -5 1341 7901 7910
proc791 9 6 1343 7911 7920
proc792 1 -7 1345 7921 7930
proc793 7 -7 1347 7931 7940
proc794 6 8 1350 7941 7950
proc795 8 4 1351 7951 7960
proc796 -8 4 1355 0 7970
proc797 8 1 1356 7971 7980
proc798 4 -3 1362 7981 7990
proc799 -8 5 1363 0 8000
proc800 9 -8 1365 8001 8010
proc801 1 -8 1367 8011 8020
proc802 -8 8 1369 0 8030
proc803 8 -5 1371 8031 8040
proc804 -1 4 1372 0 8050
proc805 8 -2 1373 8051 8060
proc806 -4 4 1374 0 8070
proc807 10 0 1378 8071 0
proc808 -8 -2 1379 0 8090
proc809 3 1 1381 8091 8100
proc810 4 2 1382 8101 8110
proc811 -6 4 1383 0 8120
proc812 -4 2 1385 0 8130
proc813 -8 9 1387 0 8140
proc814 9 6 1388 8141 8150
proc815 5 -7 1389 8151 8160
proc816 -3 4 1392 0 8170
proc817 -2 4 1394 0 8180
proc818 9 -1 1395 8181 8190
proc819 0 3 1397 0 8200
proc820 3 6 1398 8201 8210
proc821 -5 7 1399 0 8220
proc822 2 -1 1401 8221 8230
proc823 -4 1 1402 0 8240
proc824 4 -6 1403 8241 8250
proc825 -5 1 1404 0 8260
proc826 0 9 1405 0 8270
proc827 2 8 1406 8271 8280
proc828 0 -2 1408 0 8290
proc829 6 5 1409 8291 8300
proc830 -5 0 1411 0 8310
proc831 -5 -1 1412 0 8320
proc832 1 -6 1413 8321 8330
proc833 -7 5 1414 0 8340
proc834 8 -2 1415 8341 8350
proc835 -2 5 1416 0 8360
proc836 5 0 1418 8361 8370
proc837 9 8 1422 8371 8380
proc838 6 6 1424 8381 8390
proc839 3 -6 1425 8391 8400
proc840 2 0 1426 8401 8410
proc841 0 10 1427 0 8420
proc842 -3 -1 1429 0 8430
proc843 -1 1 1430 0 8440
proc844 2 -4 1431 8441 8450
proc845 6 3 1434 8451 8460
proc846 5 0 1435 8461 8470
proc847 -2 -7 1437 0 8480
proc848 -7 7 1438 0 8490
proc849 -4 9 1439 0 8500
proc850 -8 8 1440 0 8510
proc851 9 3 1441 8511 8520
proc852 -4 -3 1445 0 8530
proc853 9 3 1446 8531 8540
proc854 5 4 1447 8541 8550
proc855 9 10 1448 8551 8560
proc856 6 9 1450 8561 8570
proc857 10 2 1451 8571 0
proc858 5 -6 1453 8581 8590
proc859 1 3 1454 8591 8600
proc860 9 7 1456 8601 8610
proc861 -5 -8 1457 0 8620
proc862 -7 -7 1458 0 8630
proc863 4 -1 1460 8631 8640
proc864 -8 10 1462 0 8650
proc865 -3 10 1463 0 8660
proc866 -2 -2 1464 0 8670
proc867 6 -1 1465 8671 8680
proc868 -6 -3 1466 0 8690
proc869 8 2 1475 8691 8700
proc870 1 3 1480 8701 8710
proc871 0 5 1482 0 8720
proc872 9 -2 1483 8721 8730
proc873 0 6 1484 0 8740
proc874 -7 4 1485 0 8750
proc875 -5 3 1488 0 8760
proc876 7 6 1489 8761 8770
proc877 -4 0 1492 0 8780
proc878 9 -7 1495 8781 8790
proc879 5 6 1498 8791 8800
proc880 6 1 1500 8801 8810
proc881 2 -8 1502 8811 8820
proc882 -4 3 1503 0 8830
proc883 7 10 1504 8831 8840
proc884 5 -4 1508 8841 8850
proc885 -7 -1 1511 0 8860
proc886 4 0 1512 8861 8870
proc887 4 -4 1514 8871 8880
proc888 -2 -3 1515 0 8890
proc889 -2 3 1516 0 8900
proc890 9 9 1518 8901 8910
proc891 -3 -2 1519 0 8920
proc892 7 1 1520 8921 8930
proc893 4 5 1521 8931 8940
proc894 6 -4 1524 8941 8950
proc895 8 2 1527 8951 8960
proc896 -1 -3 1528 0 8970
proc897 5 -7 1529 8971 8980
proc898 2 1 1530 8981 8990
proc899 7 0 1533 8991 9000
proc900 2 10 1536 9001 9010
proc901 2 6 1537 9011 9020
proc902 -6 8 1538 0 9030
proc903 1 7 1541 9031 9040
proc904 5 -8 1543 9041 9050
proc905 1 10 1544 9051 9060
proc906 -3 3 1547 0 9070
proc907 9 10 1548 9071 9080
proc908 4 -1 1549 9081 9090
proc909 -8 1 1550 0 9100
proc910 10 8 1552 9101 0
proc911 8 10 1554 9111 9120
proc912 -4 0 1556 0 9130
proc913 -4 -3 1558 0 9140
proc914 1 -7 1560 9141 9150
proc915 -8 -4 1561 0 9160
proc916 2 -3 1563 9161 9170
proc917 -3 9 1566 0 9180
proc918 1 -4 1567 9181 9190
proc919 8 9 1568 9191 9200
proc920 4 1 1569 9201 9210
proc921 -1 -8 1572 0 9220
proc922 2 -3 1573 9221 9230
proc923 5 -4 1576 9231 9240
proc924 6 -8 1578 9241 9250
proc925 0 1 1582 0 9260
proc926 -4 -8 1584 0 9270
proc927 -7 2 1586 0 9280
proc928 -7 9 1588 0 9290
proc929 -2 -4 1589 0 9300
proc930 8 1 1591 9301 9310
proc931 5 -1 1592 9311 9320
proc932 -1 -3 1593 0 9330
proc933 -2 -4 1595 0 9340
proc934 7 8 1596 9341 9350
proc935 2 1 1600 9351 9360
proc936 -6 -5 1601 0 9370
proc937 2 -1 1602 9371 9380
proc938 6 -6 1605 9381 9390
proc939 10 2 1609 9391 0
proc940 -7 1 1612 0 9410
proc941 -1 10 1615 0 9420
proc942 2 7 1618 9421 9430
proc943 1 0 1620 9431 9440
proc944 1 10 1624 9441 9450
proc945 -1 1 1625 0 9460
proc946 7 -6 1626 9461 9470
proc947 1 7 1628 9471 9480
proc948 1 -2 1630 9481 9490
proc949 2 3 1635 9491 9500
proc950 -5 0 1638 0 9510
proc951 2 -2 1641 9511 9520
proc952 -1 0 1644 0 9530
proc953 -8 4 1645 0 9540
proc954 6 9 1647 9541 9550
proc955 -4 -3 1648 0 9560
proc956 -7 7 1649 0 9570
proc957 1 7 1650 9571 9580
proc958 -6 0 1651 0 9590
proc959 9 1 1653 9591 9600
proc960 7 5 1654 9601 9610
proc961 -8 -7 1655 0 9620
proc962 10 1 1656 9621 0
proc963 -3 -2 1657 0 9640
proc964 6 8 1658 9641 9650
proc965 -8 -7 1660 0 9660
proc966 8 2 1662 9661 9670
proc967 -4 -1 1663 0 9680
proc968 -5 -2 1664 0 9690
proc969 -6 -2 1666 0 9700
proc970 -8 -1 1667 0 9710
proc971 -3 0 1669 0 9720
proc972 9 -3 1670 9721 9730
proc973 7 -2 1672 9731 9740
proc974 1 4 1673 9741 9750
proc975 -4 3 1676 0 9760
proc976 7 -6 1677 9761 9770
proc977 -2 1 1678 0 9780
proc978 -5 -5 1679 0 9790
proc979 7 0 1681 9791 9800
proc980 -3 10 1685 0 9810
proc981 10 1 1686 9811 0
proc982 -8 3 1687 0 9830
proc983 5 2 1688 9831 9840
proc984 7 -8 1689 9841 9850
proc985 -5 3 1691 0 9860
proc986 -7 5 1693 0 9870
proc987 0 0 1694 0 9880
proc988 3 4 1696 9881 9890
proc989 10 3 1697 9891 0
proc990 -6 1 1698 0 9910
proc991 2 -7 1699 9911 9920
proc992 -2 -3 1701 0 9930
proc993 6 9 1702 9931 9940
proc994 -4 8 1704 0 9950
proc995 2 -7 1705 9951 9960
proc996 1 1 1706 9961 9970
proc997 5 -3 1707 9971 9980
proc998 5 2 1710 9981 9990
proc999 5 9 1711 9991 9999
proc1000 4 10 1713 0 0
proc1001 8 3 1714 0 0
proc1002 -6 -8 1715 0 0
proc1003 -4 1 1716 0 0
proc1004 2 2 1717 0 0
proc1005 10 -4 1718 0 0
proc1006 -4 7 1719 0 0
proc1007 6 7 1721 0 0
proc1008 9 -7 1730 0 0
proc1009 1 5 1731 0 0
proc1010 -1 8 1732 0 0
proc1011 -6 -8 1733 0 0
proc1012 8 -5 1735 0 0
proc1013 -8 10 1736 0 0
proc1014 2 -7 1738 0 0
proc1015 5 -6 1742 0 0
proc1016 5 -8 1743 0 0
proc1017 1 5 1744 0 0
proc1018 7 7 1747 0 0
proc1019 -7 8 1748 0 0
proc1020 10 7 1752 0 0
proc1021 -7 6 1753 0 0
proc1022 -5 6 1754 0 0
proc1023 -1 1 1755 0 0
proc1024 5 -3 1756 0 0
proc1025 -7 9 1757 0 0
proc1026 -7 1 1758 0 0
proc1027 -6 0 1759 0 0
proc1028 8 9 1760 0 0
proc1029 3 1 1761 0 0
proc1030 1 10 1762 0 0
proc1031 1 0 1763 0 0
proc1032 -7 4 1764 0 0
proc1033 7 -7 1766 0 0
proc1034 -4 -2 1768 0 0
proc1035 1 1 1770 0 0
proc1036 0 2 1773 0 0
proc1037 4 4 1774 0 0
proc1038 -6 1 1776 0 0
proc1039 -5 6 1777 0 0
proc1040 -8 -2 1778 0 0
proc1041 6 6 1780 0 0
proc1042 7 -1 1782 0 0
proc1043 -6 1 1783 0 0
proc1044 4 8 1785 0 0
proc1045 0 -7 1786 0 0
proc1046 -3 5 1787 0 0
proc1047 1 2 1790 0 0
proc1048 -3 10 1791 0 0
proc1049 -8 2 1794 0 0
proc1050 -7 -1 1796 0 0
proc1051 -3 0 1797 0 0
proc1052 3 7 1798 0 0
proc1053 1 2 1802 0 0
proc1054 -3 -4 1803 0 0
proc1055 3 8 1805 0 0
proc1056 9 1 1806 0 0
proc1057 3 -8 1808 0 0
proc1058 1 5 1810 0 0
proc1059 -5 6 1811 0 0
proc1060 -7 -8 1812 0 0
proc1061 8 6 1813 0 0
proc1062 -5 1 1817 0 0
proc1063 -7 -1 1818 0 0
proc1064 -3 -1 1819 0 0
proc1065 1 10 1820 0 0
proc1066 -3 -1 1822 0 0
proc1067 7 6 1824 0 0
proc1068 1 4 1827 0 0
proc1069 10 -3 1830 0 0
proc1070 -4 7 1833 0 0
proc1071 1 -3 1834 0 0
proc1072 -7 8 1835 0 0
proc1073 4 2 1836 0 0
proc1074 1 -8 1839 0 0
proc1075 8 2 1842 0 0
proc1076 -7 -1 1843 0 0
proc1077 10 6 1844 0 0
proc1078 1 -6 1845 0 0
proc1079 3 6 1846 0 0
proc1080 -1 5 1848 0 0
proc1081 -8 7 1849 0 0
proc1082 0 1 1851 0 0
proc1083 10 7 1852 0 0
proc1084 9 3 1853 0 0
proc1085 -7 -3 1854 0 0
proc1086 0 9 1857 0 0
proc1087 2 -7 1859 0 0
proc1088 4 -8 1862 0 0
proc1089 -3 0 1863 0 0
proc1090 10 -2 1866 0 0
proc1091 9 4 1867 0 0
proc1092 9 0 1868 0 0
proc1093 1 1 1869 0 0
proc1094 -4 3 1870 0 0
proc1095 0 -5 1871 0 0
proc1096 2 6 1872 0 0
proc1097 -4 7 1873 0 0
proc1098 0 0 1874 0 0
proc1099 1 -4 1875 0 0
proc1100 1 2 1876 0 0
proc1101 -7 4 1877 0 0
proc1102 -2 -1 1879 0 0
proc1103 5 -4 1881 0 0
proc1104 3 1 1882 0 0
proc1105 4 -3 1883 0 0
proc1106 -6 6 1884 0 0
proc1107 2 7 1886 0 0
proc1108 7 5 1887 0 0
proc1109 -1 2 1888 0 0
proc1110 4 -3 1891 0 0
proc1111 1 2 1892 0 0
proc1112 9 1 1893 0 0
proc1113 8 1 1899 0 0
proc1114 2 10 1900 0 0
proc1115 2 3 1901 0 0
proc1116 -5 4 1902 0 0
proc1117 -4 1 1903 0 0
proc1118 0 8 1904 0 0
proc1119 -5 0 1906 0 0
proc1120 0 0 1907 0 0
proc1121 3 8 1910 0 0
proc1122 1 -2 1912 0 0
proc1123 -3 -8 1915 0 0
proc1124 -7 9 1917 0 0
proc1125 6 -6 1918 0 0
proc1126 5 -2 1921 0 0
proc1127 -4 1 1923 0 0
proc1128 -4 1 1924 0 0
proc1129 5 -2 1925 0 0
proc1130 -7 4 1926 0 0
proc1131 9 -8 1929 0 0
proc1132 1 5 1931 0 0
proc1133 9 1 1932 0 0
proc1134 -7 -6 1933 0 0
proc1135 5 1 1939 0 0
proc1136 6 -1 1940 0 0
proc1137 1 -1 1941 0 0
proc1138 8 4 1942 0 0
proc1139 0 -1 1945 0 0
proc1140 -5 3 1946 0 0
proc1141 3 0 1947 0 0
proc1142 5 2 1948 0 0
proc1143 7 -6 1949 0 0
proc1144 2 -2 1952 0 0
proc1145 5 -2 1953 0 0
proc1146 -3 -6 1954 0 0
proc1147 1 -3 1955 0 0
proc1148 0 10 1956 0 0
proc1149 4 9 1957 0 0
proc1150 -1 -5 1958 0 0
proc1151 -8 -2 1959 0 0
proc1152 -4 10 1960 0 0
proc1153 3 -2 1961 0 0
proc1154 1 1 1962 0 0
proc1155 -5 -4 1964 0 0
proc1156 -4 5 1965 0 0
proc1157 -5 -3 1966 0 0
proc1158 8 2 1967 0 0
proc1159 0 2 1970 0 0
proc1160 6 2 1971 0 0
proc1161 -4 1 1972 0 0
proc1162 9 -6 1973 0 0
proc1163 -4 -3 1974 0 0
proc1164 6 0 1976 0 0
proc1165 -5 -7 1979 0 0
proc1166 -7 -1 1982 0 0
proc1167 -7 1 1983 0 0
proc1168 2 0 1984 0 0
proc1169 -7 9 1985 0 0
proc1170 7 4 1986 0 0
proc1171 1 7 1987 0 0
proc1172 5 6 1988 0 0
proc1173 -5 3 1989 0 0
proc1174 1 0 1990 0 0
proc1175 -4 0 1991 0 0
proc1176 9 -6 1992 0 0
proc1177 -5 7 1994 0 0
proc1178 1 -4 1997 0 0
proc1179 -4 -2 1999 0 0
proc1180 -5 -5 2000 0 0
proc1181 -8 1 2001 0 0
proc1182 1 -6 2003 0 0
proc1183 -2 5 2006 0 0
proc1184 8 3 2008 0 0
proc1185 -7 1 2009 0 0
proc1186 -3 1 2010 0 0
proc1187 -1 -8 2011 0 0
proc1188 -4 6 2012 0 0
proc1189 1 5 2015 0 0
proc1190 -5 5 2017 0 0
proc1191 -3 -1 2021 0 0
proc1192 6 9 2022 0 0
proc1193 10 7 2024 0 0
proc1194 -1 2 2025 0 0
proc1195 -7 -8 2027 0 0
proc1196 6 5 2028 0 0
proc1197 1 -8 2031 0 0
proc1198 5 -1 2032 0 0
proc1199 -7 -7 2033 0 0
proc1200 -3 -8 2038 0 0
proc1201 -8 8 2039 0 0
proc1202 1 -2 2040 0 0
proc1203 4 -1 2041 0 0
proc1204 -5 -6 2042 0 0
proc1205 -6 1 2046 0 0
proc1206 -6 3 2047 0 0
proc1207 0 -3 2048 0 0
proc1208 2 -3 2050 0 0
proc1209 -2 2 2052 0 0
proc1210 -1 9 2053 0 0
proc1211 -5 0 2057 0 0
proc1212 10 4 2058 0 0
proc1213 1 8 2060 0 0
proc1214 10 -2 2061 0 0
proc1215 -4 -8 2063 0 0
proc1216 10 -7 2067 0 0
proc1217 -2 10 2068 0 0
proc1218 -3 -7 2070 0 0
proc1219 -6 -7 2071 0 0
proc1220 1 8 2072 0 0
proc1221 -1 1 2073 0 0
proc1222 -7 10 2077 0 0
proc1223 5 6 2078 0 0
proc1224 -2 0 2079 0 0
proc1225 1 -3 2080 0 0
proc1226 9 -2 2081 0 0
proc1227 1 -7 2082 0 0
proc1228 -1 -8 2085 0 0
proc1229 -7 6 2087 0 0
proc1230 -1 -5 2088 0 0
proc1231 2 4 2089 0 0
proc1232 1 -3 2090 0 0
proc1233 5 4 2091 0 0
proc1234 -6 -5 2092 0 0
proc1235 -2 5 2093 0 0
proc1236 5 3 2094 0 0
proc1237 1 10 2095 0 0
proc1238 -5 0 2096 0 0
proc1239 6 -3 2097 0 0
proc1240 -2 3 2101 0 0
proc1241 -3 0 2103 0 0
proc1242 -8 -1 2104 0 0
proc1243 -2 6 2106 0 0
proc1244 2 10 2107 0 0
proc1245 7 3 2108 0 0
proc1246 3 -6 2109 0 0
proc1247 0 1 2110 0 0
proc1248 1 -8 2111 0 0
proc1249 1 3 2112 0 0
proc1250 -1 1 2113 0 0
proc1251 10 6 2114 0 0
proc1252 6 -4 2115 0 0
proc1253 7 -6 2116 0 0
proc1254 8 0 2118 0 0
proc1255 4 7 2119 0 0
proc1256 7 3 2120 0 0
proc1257 4 6 2121 0 0
proc1258 1 -7 2122 0 0
proc1259 -6 1 2125 0 0
proc1260 9 -8 2127 0 0
proc1261 9 1 2128 0 0
proc1262 -8 9 2129 0 0
proc1263 3 -7 2131 0 0
proc1264 2 10 2133 0 0
proc1265 1 -8 2134 0 0
proc1266 -3 2 2138 0 0
proc1267 -1 -6 2139 0 0
proc1268 9 -1 2140 0 0
proc1269 0 -1 2142 0 0
proc1270 -5 2 2144 0 0
proc1271 0 -5 2145 0 0
proc1272 3 8 2146 0 0
proc1273 -6 -1 2147 0 0
proc1274 6 1 2148 0 0
proc1275 -7 5 2151 0 0
proc1276 5 1 2152 0 0
proc1277 8 9 2154 0 0
proc1278 -2 8 2158 0 0
proc1279 -7 -3 2159 0 0
proc1280 10 -2 2160 0 0
proc1281 5 -1 2161 0 0
proc1282 3 -5 2163 0 0
proc1283 -1 -5 2164 0 0
proc1284 -1 -5 2165 0 0
proc1285 9 -7 2166 0 0
proc1286 6 4 2167 0 0
proc1287 -2 4 2168 0 0
proc1288 5 1 2169 0 0
proc1289 1 3 2172 0 0
proc1290 8 -1 2173 0 0
proc1291 0 -7 2174 0 0
proc1292 -7 -8 2175 0 0
proc1293 0 -2 2178 0 0
proc1294 8 -4 2179 0 0
proc1295 -6 1 2180 0 0
proc1296 2 -3 2182 0 0
proc1297 -8 0 2183 0 0
proc1298 -4 3 2184 0 0
proc1299 -4 -8 2185 0 0
proc1300 8 2 2186 0 0
proc1301 3 0 2190 0 0
proc1302 1 0 2192 0 0
proc1303 7 6 2193 0 0
proc1304 -7 -5 2195 0 0
proc1305 -2 -6 2198 0 0
proc1306 -5 1 2201 0 0
proc1307 5 -6 2202 0 0
proc1308 0 -2 2207 0 0
proc1309 -5 -7 2209 0 0
proc1310 -3 3 2210 0 0
proc1311 -7 0 2211 0 0
proc1312 -5 -1 2213 0 0
proc1313 -5 -4 2215 0 0
proc1314 8 5 2216 0 0
proc1315 -3 -4 2217 0 0
proc1316 6 -6 2220 0 0
proc1317 5 2 2222 0 0
proc1318 8 10 2226 0 0
proc1319 2 3 2227 0 0
proc1320 2 5 2228 0 0
proc1321 3 4 2230 0 0
proc1322 2 3 2231 0 0
proc1323 -1 -5 2235 0 0
proc1324 6 0 2236 0 0
proc1325 -6 -8 2237 0 0
proc1326 5 1 2242 0 0
proc1327 2 1 2243 0 0
proc1328 -8 1 2244 0 0
proc1329 8 6 2245 0 0
proc1330 -2 -1 2250 0 0
proc1331 0 8 2251 0 0
proc1332 -4 -1 2252 0 0
proc1333 4 1 2253 0 0
proc1334 5 2 2254 0 0
proc1335 -4 1 2255 0 0
proc1336 -3 -7 2257 0 0
proc1337 1 -5 2258 0 0
proc1338 4 6 2259 0 0
proc1339 9 -6 2261 0 0
proc1340 -4 1 2263 0 0
proc1341 5 1 2267 0 0
proc1342 -7 2 2268 0 0
proc1343 9 -7 2269 0 0
proc1344 -2 6 2270 0 0
proc1345 0 1 2272 0 0
proc1346 3 2 2273 0 0
proc1347 5 10 2275 0 0
proc1348 7 -7 2278 0 0
proc1349 3 -1 2280 0 0
proc1350 0 -3 2281 0 0
proc1351 9 1 2283 0 0
proc1352 9 9 2286 0 0
proc1353 5 9 2288 0 0
proc1354 9 -2 2289 0 0
proc1355 1 5 2291 0 0
proc1356 9 -8 2292 0 0
proc1357 10 6 2294 0 0
proc1358 0 1 2298 0 0
proc1359 -7 1 2299 0 0
proc1360 1 6 2300 0 0
proc1361 2 -4 2301 0 0
proc1362 -1 9 2302 0 0
proc1363 -7 7 2303 0 0
proc1364 1 5 2304 0 0
proc1365 -8 1 2306 0 0
proc1366 5 4 2307 0 0
proc1367 3 7 2308 0 0
proc1368 -8 -1 2309 0 0
proc1369 -6 5 2311 0 0
proc1370 2 8 2312 0 0
proc1371 4 6 2313 0 0
proc1372 5 -3 2318 0 0
proc1373 3 -8 2322 0 0
proc1374 -8 7 2323 0 0
proc1375 1 3 2325 0 0
proc1376 8 1 2331 0 0
proc1377 8 -8 2333 0 0
proc1378 -8 -5 2334 0 0
proc1379 5 -5 2335 0 0
proc1380 -7 -5 2337 0 0
proc1381 10 -7 2338 0 0
proc1382 5 5 2340 0 0
proc1383 -1 -4 2342 0 0
proc1384 -7 0 2343 0 0
proc1385 -2 -2 2345 0 0
proc1386 -5 -4 2346 0 0
proc1387 -3 10 2347 0 0
proc1388 8 2 2348 0 0
proc1389 -8 6 2349 0 0
proc1390 -1 2 2350 0 0
proc1391 8 -5 2351 0 0
proc1392 0 5 2352 0 0
proc1393 -5 -5 2355 0 0
proc1394 4 -6 2356 0 0
proc1395 -4 9 2358 0 0
proc1396 8 3 2360 0 0
proc1397 3 1 2361 0 0
proc1398 8 -7 2362 0 0
proc1399 -6 -8 2363 0 0
proc1400 -3 -6 2365 0 0
proc1401 2 -6 2366 0 0
proc1402 -3 -4 2368 0 0
proc1403 -8 -3 2371 0 0
proc1404 -2 -1 2374 0 0
proc1405 0 7 2375 0 0
proc1406 1 -6 2377 0 0
proc1407 9 -6 2380 0 0
proc1408 -6 -2 2382 0 0
proc1409 -1 8 2384 0 0
proc1410 5 5 2385 0 0
proc1411 -1 -1 2386 0 0
proc1412 -3 -5 2387 0 0
proc1413 9 1 2388 0 0
proc1414 4 -8 2391 0 0
proc1415 -8 4 2392 0 0
proc1416 -3 5 2394 0 0
proc1417 8 9 2396 0 0
proc1418 5 -1 2397 0 0
proc1419 8 -4 2399 0 0
proc1420 -3 -8 2401 0 0
proc1421 4 5 2403 0 0
proc1422 3 7 2404 0 0
proc1423 6 1 2407 0 0
proc1424 1 1 2408 0 0
proc1425 3 -3 2409 0 0
proc1426 1 -6 2410 0 0
proc1427 6 -7 2411 0 0
proc1428 -4 4 2412 0 0
proc1429 10 3 2413 0 0
proc1430 1 -5 2414 0 0
proc1431 5 6 2416 0 0
proc1432 -8 -4 2417 0 0
proc1433 4 3 2419 0 0
proc1434 -7 5 2422 0 0
proc1435 10 4 2425 0 0
proc1436 3 3 2430 0 0
proc1437 -4 1 2431 0 0
proc1438 -6 10 2434 0 0
proc1439 -7 7 2435 0 0
proc1440 4 7 2437 0 0
proc1441 0 3 2438 0 0
proc1442 1 -6 2440 0 0
proc1443 -7 -2 2442 0 0
proc1444 3 5 2444 0 0
proc1445 7 5 2445 0 0
proc1446 3 -8 2446 0 0
proc1447 -7 1 2447 0 0
proc1448 10 -8 2449 0 0
proc1449 10 -4 2451 0 0
proc1450 1 4 2453 0 0
proc1451 6 -7 2454 0 0
proc1452 -4 0 2455 0 0
proc1453 4 -7 2457 0 0
proc1454 -6 -2 2458 0 0
proc1455 -6 9 2460 0 0
proc1456 1 1 2461 0 0
proc1457 4 1 2463 0 0
proc1458 -1 -3 2465 0 0
proc1459 -3 5 2466 0 0
proc1460 2 6 2467 0 0
proc1461 -5 1 2471 0 0
proc1462 8 -3 2475 0 0
proc1463 -7 2 2476 0 0
proc1464 -5 -1 2477 0 0
proc1465 9 10 2478 0 0
proc1466 5 9 2482 0 0
proc1467 -7 6 2483 0 0
proc1468 10 -2 2484 0 0
proc1469 -7 -4 2485 0 0
proc1470 9 5 2486 0 0
proc1471 9 2 2487 0 0
proc1472 -3 1 2488 0 0
proc1473 -4 1 2489 0 0
proc1474 3 -4 2490 0 0
proc1475 1 1 2492 0 0
proc1476 3 3 2493 0 0
proc1477 1 -8 2495 0 0
proc1478 10 9 2497 0 0
proc1479 -4 9 2498 0 0
proc1480 9 5 2499 0 0
proc1481 -7 1 2500 0 0
proc1482 1 -6 2501 0 0
proc1483 8 -6 2504 0 0
proc1484 -6 -8 2505 0 0
proc1485 4 7 2506 0 0
proc1486 2 3 2507 0 0
proc1487 -2 4 2508 0 0
proc1488 -8 4 2509 0 0
proc1489 1 9 2510 0 0
proc1490 -2 10 2512 0 0
proc1491 -8 -2 2514 0 0
proc1492 4 7 2515 0 0
proc1493 8 10 2516 0 0
proc1494 -4 -2 2519 0 0
proc1495 10 1 2520 0 0
proc1496 0 5 2521 0 0
proc1497 4 -3 2522 0 0
proc1498 7 7 2523 0 0
proc1499 6 1 2525 0 0
proc1500 0 -6 2526 0 0
proc1501 4 -5 2527 0 0
proc1502 3 -4 2528 0 0
proc1503 -1 5 2531 0 0
proc1504 -4 10 2532 0 0
proc1505 1 1 2534 0 0
proc1506 5 3 2538 0 0
proc1507 4 -4 2539 0 0
proc1508 -8 1 2541 0 0
proc1509 4 0 2542 0 0
proc1510 5 5 2543 0 0
proc1511 9 10 2545 0 0
proc1512 -5 6 2546 0 0
proc1513 -8 9 2547 0 0
proc1514 10 -6 2549 0 0
proc1515 2 2 2550 0 0
proc1516 -7 0 2553 0 0
proc1517 8 1 2555 0 0
proc1518 7 6 2556 0 0
proc1519 10 5 2557 0 0
proc1520 1 5 2562 0 0
proc1521 -1 4 2563 0 0
proc1522 -1 1 2564 0 0
proc1523 -1 7 2565 0 0
proc1524 -1 2 2566 0 0
proc1525 -4 -5 2567 0 0
proc1526 5 1 2568 0 0
proc1527 1 4 2570 0 0
proc1528 -6 3 2571 0 0
proc1529 1 1 2572 0 0
proc1530 3 2 2573 0 0
proc1531 -8 -8 2574 0 0
proc1532 6 -4 2575 0 0
proc1533 5 8 2578 0 0
proc1534 9 -3 2580 0 0
proc1535 4 -3 2581 0 0
proc1536 5 2 2582 0 0
proc1537 -7 8 2585 0 0
proc1538 -1 3 2587 0 0
proc1539 10 -5 2588 0 0
proc1540 2 8 2589 0 0
proc1541 3 -8 2590 0 0
proc1542 -1 9 2591 0 0
proc1543 5 1 2592 0 0
proc1544 0 10 2596 0 0
proc1545 -1 5 2598 0 0
proc1546 -4 7 2600 0 0
proc1547 1 8 2602 0 0
proc1548 -7 8 2603 0 0
proc1549 9 9 2604 0 0
proc1550 0 6 2607 0 0
proc1551 2 -6 2609 0 0
proc1552 7 -5 2611 0 0
proc1553 0 -8 2613 0 0
proc1554 4 5 2615 0 0
proc1555 2 3 2618 0 0
proc1556 -6 2 2619 0 0
proc1557 0 -4 2622 0 0
proc1558 -6 5 2625 0 0
proc1559 10 -4 2628 0 0
proc1560 2 5 2629 0 0
proc1561 2 -5 2630 0 0
proc1562 -6 -3 2631 0 0
proc1563 -4 5 2632 0 0
proc1564 -5 9 2634 0 0
proc1565 6 1 2635 0 0
proc1566 10 1 2637 0 0
proc1567 3 6 2638 0 0
proc1568 2 -6 2639 0 0
proc1569 -1 3 2641 0 0
proc1570 -5 -7 2642 0 0
proc1571 9 -1 2644 0 0
proc1572 8 3 2645 0 0
proc1573 -7 0 2647 0 0
proc1574 8 7 2649 0 0
proc1575 -7 10 2652 0 0
proc1576 1 -5 2654 0 0
proc1577 -6 2 2655 0 0
proc1578 -3 1 2656 0 0
proc1579 1 -6 2657 0 0
proc1580 10 -3 2658 0 0
proc1581 7 10 2661 0 0
proc1582 4 9 2663 0 0
proc1583 -4 2 2664 0 0
proc1584 4 5 2669 0 0
proc1585 0 -2 2670 0 0
proc1586 -8 0 2671 0 0
proc1587 9 -8 2672 0 0
proc1588 -3 -3 2673 0 0
proc1589 5 -7 2674 0 0
proc1590 -6 7 2677 0 0
proc1591 0 -1 2678 0 0
proc1592 -5 9 2680 0 0
proc1593 -3 -3 2681 0 0
proc1594 -4 1 2682 0 0
proc1595 -2 2 2683 0 0
proc1596 6 -1 2684 0 0
proc1597 -2 0 2685 0 0
proc1598 -6 -2 2686 0 0
proc1599 -2 -8 2687 0 0
proc1600 1 -8 2688 0 0
proc1601 4 -4 2689 0 0
proc1602 -4 3 2690 0 0
proc1603 6 2 2691 0 0
proc1604 4 0 2695 0 0
proc1605 1 9 2696 0 0
proc1606 -6 2 2697 0 0
proc1607 -3 6 2699 0 0
proc1608 -7 -8 2701 0 0
proc1609 9 9 2705 0 0
proc1610 -1 -7 2707 0 0
proc1611 3 1 2708 0 0
proc1612 0 5 2714 0 0
proc1613 7 9 2715 0 0
proc1614 6 4 2721 0 0
proc1615 1 0 2722 0 0
proc1616 4 -5 2723 0 0
proc1617 -4 -3 2725 0 0
proc1618 9 -5 2726 0 0
proc1619 -5 3 2730 0 0
proc1620 -1 5 2731 0 0
proc1621 -3 -4 2732 0 0
proc1622 -7 4 2733 0 0
proc1623 -3 10 2739 0 0
proc1624 -8 7 2741 0 0
proc1625 6 -2 2742 0 0
proc1626 -2 8 2746 0 0
proc1627 -6 1 2749 0 0
proc1628 2 1 2751 0 0
proc1629 3 1 2752 0 0
proc1630 -8 8 2753 0 0
proc1631 6 -3 2757 0 0
proc1632 -7 -5 2758 0 0
proc1633 -5 -8 2759 0 0
proc1634 -7 1 2760 0 0
proc1635 4 -8 2764 0 0
proc1636 2 6 2766 0 0
proc1637 5 5 2767 0 0
proc1638 1 8 2768 0 0
proc1639 1 -2 2769 0 0
proc1640 -5 -2 2770 0 0
proc1641 -7 -4 2771 0 0
proc1642 -4 5 2772 0 0
proc1643 -2 6 2775 0 0
proc1644 1 -5 2777 0 0
proc1645 -8 6 2778 0 0
proc1646 -7 0 2779 0 0
proc1647 1 0 2780 0 0
proc1648 -6 -2 2781 0 0
proc1649 -4 -2 2782 0 0
proc1650 2 6 2785 0 0
proc1651 -3 -2 2787 0 0
proc1652 8 -6 2788 0 0
proc1653 -5 8 2789 0 0
proc1654 4 -8 2790 0 0
proc1655 7 -5 2791 0 0
proc1656 8 7 2792 0 0
proc1657 1 3 2793 0 0
proc1658 8 -4 2794 0 0
proc1659 1 5 2795 0 0
proc1660 0 -2 2796 0 0
proc1661 -5 0 2799 0 0
proc1662 5 10 2800 0 0
proc1663 -2 -5 2802 0 0
proc1664 -4 2 2803 0 0
proc1665 0 7 2804 0 0
proc1666 -4 -1 2805 0 0
proc1667 6 0 2806 0 0
proc1668 -2 4 2807 0 0
proc1669 -7 2 2808 0 0
proc1670 3 -1 2810 0 0
proc1671 3 6 2811 0 0
proc1672 -8 -8 2813 0 0
proc1673 9 1 2814 0 0
proc1674 9 2 2815 0 0
proc1675 1 -7 2816 0 0
proc1676 -1 0 2817 0 0
proc1677 -4 -3 2818 0 0
proc1678 -5 7 2822 0 0
proc1679 -7 7 2824 0 0
proc1680 7 -6 2826 0 0
proc1681 -2 7 2828 0 0
proc1682 5 1 2829 0 0
proc1683 -4 -3 2831 0 0
proc1684 -5 9 2832 0 0
proc1685 1 -7 2833 0 0
proc1686 8 10 2834 0 0
proc1687 0 2 2836 0 0
proc1688 10 5 2837 0 0
proc1689 9 -5 2838 0 0
proc1690 -4 -5 2839 0 0
proc1691 1 5 2841 0 0
proc1692 8 2 2842 0 0
proc1693 -4 1 2843 0 0
proc1694 5 7 2845 0 0
proc1695 5 9 2847 0 0
proc1696 7 -3 2848 0 0
proc1697 -8 8 2849 0 0
proc1698 9 3 2851 0 0
proc1699 2 -3 2852 0 0
proc1700 -7 -2 2853 0 0
proc1701 -1 -4 2854 0 0
proc1702 -4 -1 2858 0 0
proc1703 0 4 2860 0 0
proc1704 6 -1 2861 0 0
proc1705 7 -2 2862 0 0
proc1706 0 -4 2863 0 0
proc1707 -8 1 2864 0 0
proc1708 -3 8 2865 0 0
proc1709 -3 1 2867 0 0
proc1710 -5 3 2868 0 0
proc1711 -6 7 2869 0 0
proc1712 5 2 2870 0 0
proc1713 1 5 2871 0 0
proc1714 -4 1 2873 0 0
proc1715 7 1 2874 0 0
proc1716 -8 1 2875 0 0
proc1717 -7 -4 2877 0 0
proc1718 0 -4 2878 0 0
proc1719 3 -8 2879 0 0
proc1720 -5 9 2882 0 0
proc1721 9 1 2883 0 0
proc1722 6 -7 2884 0 0
proc1723 -1 7 2886 0 0
proc1724 6 8 2887 0 0
proc1725 -5 -4 2889 0 0
proc1726 4 7 2890 0 0
proc1727 5 3 2891 0 0
proc1728 0 7 2894 0 0
proc1729 0 4 2895 0 0
proc1730 -6 9 2896 0 0
proc1731 9 -6 2898 0 0
proc1732 9 3 2899 0 0
proc1733 2 1 2902 0 0
proc1734 10 -8 2903 0 0
proc1735 -1 -7 2904 0 0
proc1736 3 -8 2908 0 0
proc1737 3 1 2911 0 0
proc1738 7 9 2912 0 0
proc1739 0 -8 2913 0 0
proc1740 5 10 2918 0 0
proc1741 1 8 2919 0 0
proc1742 -3 2 2921 0 0
proc1743 5 10 2926 0 0
proc1744 9 1 2927 0 0
proc1745 -5 6 2928 0 0
proc1746 9 6 2929 0 0
proc1747 1 -7 2930 0 0
proc1748 -5 1 2931 0 0
proc1749 10 -8 2934 0 0
proc1750 -7 8 2937 0 0
proc1751 4 5 2938 0 0
proc1752 -3 1 2940 0 0
proc1753 8 3 2941 0 0
proc1754 3 2 2942 0 0
proc1755 0 -5 2945 0 0
proc1756 -3 1 2947 0 0
proc1757 -7 4 2952 0 0
proc1758 -1 3 2955 0 0
proc1759 -7 -1 2956 0 0
proc1760 0 1 2958 0 0
proc1761 1 -7 2965 0 0
proc1762 -2 5 2967 0 0
proc1763 -5 0 2973 0 0
proc1764 9 6 2974 0 0
proc1765 4 0 2976 0 0
proc1766 -5 5 2977 0 0
proc1767 0 -1 2978 0 0
proc1768 -8 9 2979 0 0
proc1769 -4 9 2981 0 0
proc1770 4 9 2985 0 0
proc1771 1 1 2987 0 0
proc1772 8 -1 2989 0 0
proc1773 -2 5 2992 0 0
proc1774 -3 4 2994 0 0
proc1775 -5 4 2995 0 0
proc1776 8 -6 2996 0 0
proc1777 1 -8 2997 0 0
proc1778 9 -7 2998 0 0
proc1779 -4 -3 3000 0 0
proc1780 0 0 3002 0 0
proc1781 -1 3 3003 0 0
proc1782 5 7 3004 0 0
proc1783 -1 -4 3006 0 0
proc1784 5 1 3007 0 0
proc1785 7 6 3010 0 0
proc1786 -6 -8 3011 0 0
proc1787 -3 10 3014 0 0
proc1788 2 4 3016 0 0
proc1789 -4 -3 3021 0 0
proc1790 -8 7 3022 0 0
proc1791 -7 0 3024 0 0
proc1792 8 5 3026 0 0
proc1793 1 -5 3028 0 0
proc1794 -7 2 3029 0 0
proc1795 7 -2 3030 0 0
proc1796 -2 1 3031 0 0
proc1797 1 3 3036 0 0
proc1798 -3 3 3037 0 0
proc1799 1 1 3038 0 0
proc1800 8 4 3040 0 0
proc1801 3 7 3041 0 0
proc1802 1 3 3042 0 0
proc1803 -8 0 3044 0 0
proc1804 9 9 3045 0 0
proc1805 2 4 3048 0 0
proc1806 9 7 3049 0 0
proc1807 -7 2 3051 0 0
proc1808 -3 -4 3057 0 0
proc1809 1 -1 3059 0 0
proc1810 8 0 3062 0 0
proc1811 -8 1 3064 0 0
proc1812 -6 -6 3067 0 0
proc1813 5 -3 3068 0 0
proc1814 10 -4 3069 0 0
proc1815 -6 6 3070 0 0
proc1816 10 -1 3071 0 0
proc1817 -4 7 3072 0 0
proc1818 10 -6 3073 0 0
proc1819 2 0 3074 0 0
proc1820 8 5 3076 0 0
proc1821 -5 -3 3077 0 0
proc1822 -7 4 3079 0 0
proc1823 2 0 3080 0 0
proc1824 6 -4 3081 0 0
proc1825 -6 9 3083 0 0
proc1826 3 -8 3084 0 0
proc1827 -8 8 3089 0 0
proc1828 1 -3 3090 0 0
proc1829 3 6 3091 0 0
proc1830 10 -4 3092 0 0
proc1831 0 -6 3098 0 0
proc1832 9 1 3099 0 0
proc1833 1 1 3101 0 0
proc1834 0 -4 3102 0 0
proc1835 9 -4 3104 0 0
proc1836 0 -7 3106 0 0
proc1837 4 -4 3111 0 0
proc1838 -3 -8 3113 0 0
proc1839 1 -6 3117 0 0
proc1840 4 7 3118 0 0
proc1841 -7 1 3120 0 0
proc1842 9 5 3123 0 0
proc1843 1 0 3124 0 0
proc1844 10 4 3125 0 0
proc1845 10 1 3127 0 0
proc1846 -4 7 3130 0 0
proc1847 -6 -8 3131 0 0
proc1848 -6 -7 3132 0 0
proc1849 -2 5 3133 0 0
proc1850 -1 -4 3135 0 0
proc1851 0 10 3136 0 0
proc1852 3 7 3142 0 0
proc1853 -3 9 3145 0 0
proc1854 5 -3 3146 0 0
proc1855 -7 2 3148 0 0
proc1856 -8 2 3150 0 0
proc1857 0 2 3151 0 0
proc1858 1 -1 3154 0 0
proc1859 -8 -5 3155 0 0
proc1860 5 2 3157 0 0
proc1861 5 8 3158 0 0
proc1862 5 -8 3159 0 0
proc1863 -7 10 3160 0 0
proc1864 -3 6 3161 0 0
proc1865 -8 -3 3162 0 0
proc1866 -8 9 3163 0 0
proc1867 -2 -1 3164 0 0
proc1868 -6 -3 3166 0 0
proc1869 0 -8 3167 0 0
proc1870 -3 -1 3170 0 0
proc1871 -1 -8 3172 0 0
proc1872 -1 10 3178 0 0
proc1873 6 0 3179 0 0
proc1874 7 9 3180 0 0
proc1875 3 -3 3181 0 0
proc1876 2 1 3182 0 0
proc1877 2 8 3183 0 0
proc1878 4 -5 3186 0 0
proc1879 6 1 3189 0 0
proc1880 2 -3 3190 0 0
proc1881 -5 4 3191 0 0
proc1882 7 10 3192 0 0
proc1883 -7 1 3193 0 0
proc1884 -6 -2 3194 0 0
proc1885 9 -6 3196 0 0
proc1886 8 9 3197 0 0
proc1887 -6 2 3199 0 0
proc1888 -5 -3 3200 0 0
proc1889 5 -4 3201 0 0
proc1890 -8 7 3202 0 0
proc1891 6 -6 3203 0 0
proc1892 -4 -4 3204 0 0
proc1893 1 -6 3205 0 0
proc1894 -6 7 3206 0 0
proc1895 -7 -5 3207 0 0
proc1896 0 1 3208 0 0
proc1897 4 -1 3211 0 0
proc1898 4 -6 3212 0 0
proc1899 4 1 3213 0 0
proc1900 -4 4 3214 0 0
proc1901 4 -8 3215 0 0
proc1902 -8 -6 3217 0 0
proc1903 -5 4 3218 0 0
proc1904 -4 6 3219 0 0
proc1905 1 -7 3220 0 0
proc1906 1 1 3221 0 0
proc1907 -1 3 3225 0 0
proc1908 7 8 3226 0 0
proc1909 -4 10 3228 0 0
proc1910 -3 -6 3229 0 0
proc1911 10 -2 3230 0 0
proc1912 10 -6 3231 0 0
proc1913 10 2 3232 0 0
proc1914 -3 0 3233 0 0
proc1915 1 2 3234 0 0
proc1916 -8 -2 3237 0 0
proc1917 4 1 3238 0 0
proc1918 10 10 3239 0 0
proc1919 -4 9 3240 0 0
proc1920 -1 -1 3241 0 0
proc1921 1 7 3242 0 0
proc1922 6 -5 3248 0 0
proc1923 4 -4 3249 0 0
proc1924 6 7 3252 0 0
proc1925 -8 -8 3253 0 0
proc1926 7 5 3256 0 0
proc1927 -2 3 3257 0 0
proc1928 7 1 3261 0 0
proc1929 -7 8 3262 0 0
proc1930 0 8 3263 0 0
proc1931 -3 -8 3264 0 0
proc1932 -6 -4 3265 0 0
proc1933 3 4 3266 0 0
proc1934 0 10 3267 0 0
proc1935 -2 -8 3268 0 0
proc1936 -8 -1 3271 0 0
proc1937 -6 1 3277 0 0
proc1938 -4 1 3278 0 0
proc1939 9 1 3282 0 0
proc1940 2 8 3284 0 0
proc1941 2 -2 3287 0 0
proc1942 1 5 3291 0 0
proc1943 1 -2 3295 0 0
proc1944 8 -2 3298 0 0
proc1945 8 -5 3299 0 0
proc1946 7 6 3300 0 0
proc1947 6 9 3302 0 0
proc1948 -3 -4 3303 0 0
proc1949 1 -2 3304 0 0
proc1950 -4 8 3305 0 0
proc1951 -6 4 3307 0 0
proc1952 1 5 3308 0 0
proc1953 10 5 3309 0 0
proc1954 7 3 3310 0 0
proc1955 -8 4 3313 0 0
proc1956 4 -8 3314 0 0
proc1957 8 9 3315 0 0
proc1958 2 -1 3319 0 0
proc1959 6 -8 3320 0 0
proc1960 -5 -5 3321 0 0
proc1961 8 -8 3322 0 0
proc1962 -8 0 3323 0 0
proc1963 -5 2 3325 0 0
proc1964 4 5 3327 0 0
proc1965 -5 -1 3328 0 0
proc1966 1 4 3329 0 0
proc1967 -1 5 3330 0 0
proc1968 1 1 3331 0 0
proc1969 0 2 3334 0 0
proc1970 -2 -3 3335 0 0
proc1971 -7 -6 3336 0 0
proc1972 4 9 3337 0 0
proc1973 10 9 3338 0 0
proc1974 -4 8 3339 0 0
proc1975 -7 -5 3340 0 0
proc1976 6 -6 3341 0 0
proc1977 -8 10 3343 0 0
proc1978 -1 -7 3345 0 0
proc1979 0 -7 3346 0 0
proc1980 5 7 3348 0 0
proc1981 -7 7 3351 0 0
proc1982 5 9 3353 0 0
proc1983 -2 1 3355 0 0
proc1984 10 5 3358 0 0
proc1985 9 -5 3359 0 0
proc1986 -1 6 3360 0 0
proc1987 2 -6 3361 0 0
proc1988 -8 4 3365 0 0
proc1989 9 -8 3372 0 0
proc1990 8 7 3374 0 0
proc1991 5 -1 3375 0 0
proc1992 10 8 3376 0 0
proc1993 0 -5 3377 0 0
proc1994 3 1 3378 0 0
proc1995 0 6 3379 0 0
proc1996 6 -8 3380 0 0
proc1997 -2 6 3381 0 0
proc1998 10 2 3382 0 0
proc1999 3 4 3384 0 0
avgRunTime: 0.48451854372235453
avgResponseTime: 2276.018848167539
finishedProcesses: 955
